POO

1 1 1 1 0 1 1 1 0 1 1 1 1 1 1 1
1 1 1 1 1 0 1 0 1 1 0 1 1 1 1 1
1 1 1 1 1 0 1 0 1 0 1 1 1 1 1 1
1 0 1 1 1 1 1 1 1 1 0 1 1 1 1 1
1 1 0 1 0 0 0 0 1 0 1 1 1 1 1 1
1 1 0 1 0 0 0 0 1 1 1 1 1 1 1 1
1 1 1 0 1 1 0 0 0 0 1 1 1 1 1 1
1 1 1 1 0 0 0 0 0 0 0 1 1 1 1 1

1 1 1 1 0 0 0 0 0 0 0 1 1 1 1 1
1 1 1 0 0 0 0 0 0 0 0 0 1 1 1 1
1 1 1 0 0 0 0 0 0 0 0 0 1 1 1 1
1 1 1 1 1 1 1 1 1 1 1 1 1 1 1 1
1 1 1 1 1 1 1 1 1 1 1 1 1 1 1 1
1 1 1 1 1 1 1 1 1 1 1 1 1 1 1 1
1 1 1 1 1 1 1 1 1 1 1 1 1 1 1 1
1 1 1 1 1 1 1 1 1 1 1 1 1 1 1 1
0xff, 0xf7, 0xcf, 0xb7, 0x4e, 0x49, 0x0f, 0x09, 0x3e, 0x2b, 0x75, 0xff, 0xff, 0xff, 0xff, 0xff
0xff, 0xff, 0xff, 0xf9, 0xf8, 0xf8, 0xf8, 0xf8, 0xf8, 0xf8, 0xf8, 0xf9, 0xff, 0xff, 0xff, 0xff
